1003690003
1025828095
1030947130
1066098484
1105523241
1112324880
1140605147
115399472
1173050893
1200982012
1206690879
1213568302
1248715736
1275980999
1279527170
1307942613
1308965617
1314670396
1349967350
1355676209
1388660771
1415918026
1421630997
1451134916
1454746631
1492001529
1495617284
1558087389
1591137487
1596846346
16263458
1632008140
1637782543
1667220990
1670832697
1698097952
1733179858
1736787485
1745762060
1774181591
1777793298
1778877758
1807166145
1840132139
1873251877
1882161108
1885838359
1914752454
191482919
1920985601
1948242728
1976531187
1981227482
2021704927
2056786633
2060926740
2084051952
2088187955
2123331117
222351881
251724792
257433659
292726525
298435384
331419946
358685393
364390172
393832643
397440270
406414909
434768832
439530543
472504849
49309660
500789028
505489411
533904854
546491136
575929591
581572914
608830169
641880267
647593238
682881992
717963770
721579525
748836652
76570875
784049630
82349318
824924371
828531998
858560205
863744776
891010103
923994657
998570960
