1000780593
1001578887
1001970424
1003690003
1006102331
1006356661
1008814548
1009721869
1010661466
1014334693
1014519319
1019046795
1019910681
1020043552
1022724310
1023518372
1024434077
1025232483
1025828095
1028046040
1028429073
1028844206
102901121
1029227495
103042376
1030947130
1033363490
1033754907
1034549225
1037229727
103840734
1039011181
1043773012
1044023238
1044164237
104748055
1047634945
1048550778
1049349064
1049481879
1053097938
1053344076
1057484175
1057867456
1058216989
1058665814
1061479171
1062211985
1063127754
1063926104
1066098484
1067533723
1068449500
1072061215
1072311433
1073242662
1074802627
1075714052
1076508298
1079188920
1079321927
1080120277
1081035790
1083183932
108360018
1084647753
1084898043
1085030786
108610252
1088505606
1089417343
1090352532
1093033146
1094030039
1094214721
109615129
1096679211
1097891980
1098742213
1099742994
1102415360
1103213718
1104129487
1104927837
1105523241
1108760118
1109623940
1112324880
1114336170
1114469233
1115333063
1118013685
1118150588
1118331182
1119856507
1122012777
112226063
1123468166
1123718448
1127330419
1128245940
1129177281
1129663781
1131853815
1132652101
1132727564
1133043390
1137179641
113747108
1137562674
1137912399
1138295424
113931990
1140605147
114138525
1141734424
1142598382
1145205148
1145596629
1146205993
1147117666
1149728528
1150733485
1150983903
1151116774
115399472
1154595610
1155503187
1156301345
1156442600
1159114910
1159917420
1160050219
1160300453
1164436704
1164828121
1165169526
1165560751
1168439908
1169172714
1170080035
1170882481
1173050893
1173554855
1173696110
1175648408
1176031697
117609233
117750488
1180171804
1180422030
1180555093
1181287899
1184033993
1184166800
1184417026
1185815391
1188553293
1189286099
1189423002
1189677332
1193285207
1194200712
119456231
1194999070
1195131941
1196938686
1197812683
1198611033
1199518354
1200316768
1200982012
1203134429
1203521558
1203998115
1204315876
1206690879
1210398981
1211193227
1212104908
1212907346
1213568302
1215720719
1216584605
1216902358
1220579601
1221288579
122136725
1221495370
1222293720
1224970190
1225102997
122520014
1225291783
1226817116
1228965186
122930971
1230679049
123072034
1230812112
123318364
1234291028
1235198349
1235996691
1236133850
1238814408
1239612766
1239680101
1239995799
1244700414
1245542199
1246406021
1246547276
1248715736
1250017984
1250933561
1251731855
1254545476
1254928573
1255339722
1255730947
1258403377
1259801678
1260117496
1260250247
126135817
1263796674
1264112508
1265510537
126934175
1269368646
1271829032
1272980353
1273896186
1274694472
1274827287
1275980999
1276484889
1277283311
1278190624
127841744
1278988982
1279527170
1281802595
1282193828
1282605041
12829888
1282992170
128639910
1287124341
1287374567
1290986274
1291061993
1291377691
1292767664
1295513766
1296383731
12970895
1299094487
1301153249
1301951607
1302092606
1304764972
1305563314
1306479083
1307277433
1307942613
1308965617
1311240914
1311632139
1311973536
1312364953
131320660
131453459
1314670396
1315972644
1316888349
1317686755
1320359057
1320750538
1321298478
132186337
13221177
1322206055
1324362261
1325821858
1326068188
1329683999
1330591568
1331596525
133167578
1334203283
1335067233
1335208232
1335393114
1339066341
1339912414
1340780204
1340913259
1342270537
1343177858
1344183007
1346789837
134719175
1347653715
1347790618
1348044948
1349967350
135110456
1351652823
1352568328
1353366686
1353499557
135517525
1355676209
1356978649
1358684384
135908750
1361502045
1362234659
1362683492
1365363978
1366753959
1367069905
1370681628
1370757339
1371073109
1372467170
1375205008
1375769276
1377233097
1379808557
1381090950
1382006783
1382805069
1382937876
1385618490
1386351240
1386484311
138722427
1388660771
1390870540
1391672978
1392056267
1394869632
139520713
1396583759
1397382109
1400054467
1400195466
1400445700
1401901393
1404057671
140428034
1405767438
1410062196
1410203187
141226384
1412875553
1413673911
1413749630
1414065384
1415918026
1418135851
1418930105
1419317490
1421630997
1422134959
1422933309
1423840886
1424639172
1427319786
1427452593
1427702819
1429166712
1431314798
1432774331
1436636528
1437552041
1439097050
144040013
1441164020
1442027898
1442160641
1442345395
1443046758
1443187757
1443438175
1447049882
144776915
1447957459
1448755617
1448896872
1451134916
1451569182
1452371692
1453279013
1454077355
1454746631
1456890976
1457282393
1457754870
1461758058
1462467044
1466140199
1466466072
14676822
1467987125
1470143579
1471599088
1471849314
1475465133
1476376806
1478726673
1478867928
1479118154
1480573671
1484189474
1484435804
1484576795
1488051615
1488959184
1489757350
1489833069
1492001529
1492570899
149296215
1493303777
1493444776
1495617284
149611969
149687432
1497827173
1498625515
1499016748
1501754834
1501830297
1502628719
150485790
1507014948
1507148003
1507398173
1513558161
1513873923
1513949642
1517557269
1519271388
1521943746
1522742096
1522883103
1523133321
1526745300
1528455059
1528588122
153158156
1532067038
1532265445
1536977547
1537450016
1537841433
1541449124
1542158294
1544685685
1545134254
154622041
1546528507
1547142111
154872267
1549209065
1550007423
155005074
1550140166
1554002419
1554917940
1555716282
1555849281
1558087389
1559324101
1559530636
1560239678
1563851641
1564234674
1564715471
1565098496
1567713590
1568714563
1569419517
1573100856
1573233863
1573418609
1574947726
1578123096
1579578613
1579828839
1583440546
1583647337
1584356251
158479894
1585353008
158621149
1587968038
1588827828
1588969075
1589219309
1591137487
1592831016
1594536951
1594677950
1596846346
1597350316
1598148658
1599064427
1599858681
1602672054
1602922272
1603063535
160326884
1603861885
1606534243
1607932344
1608248106
1610739308
1615508754
1615650009
1616382639
1619120733
1620514794
1620834660
1620901923
1624376743
1624517998
1624833688
1626223669
16263458
1628904411
1629702569
1629835632
1630085858
1632008140
1633701677
1635407604
1635548595
1637782543
163805720
1638220961
1639226110
164004135
164189009
1643612331
1643797029
1643930092
1644631383
1645022600
1645429541
1648493324
1648634571
1649432921
1653815062
1653956317
1654202447
1655662052
1657818250
1659339303
1659524177
1659665176
1663135900
1663342683
1664051669
1665052514
1667220990
1667659280
1668523238
1668914655
167002382
1670832697
1672526362
1674232097
1674373352
1677049758
1681076285
1681467766
168160554
1682927235
1685075377
1686604750
1686789496
168893368
1689249826
1690401211
1690599746
1691308796
1692313609
1694924607
1695788429
1695921492
1696171718
1698097952
169866481
1699783425
1701497544
1701630359
1704310917
1705105163
170599239
1706016844
1706819282
1709632655
1709882937
1710015936
1710814294
1711902834
1714513760
1714720303
1715518653
1719905130
1720288163
1721752056
1722230492
1725359675
1725609909
1725751164
1730137385
1730935743
1731003206
1733179858
173412668
1734482170
1734619009
1734930739
1736787485
173804149
1739454135
1739803852
1740186885
1742867499
1743000562
1743798848
1744714425
1745762060
1746331558
1747064372
1747205619
1747455853
1751591848
1751975137
1752773495
1755454053
1755586860
1756389298
1757300971
1760775791
1761158816
1762622717
1762712017
1764770787
1766299960
1766617713
1770092533
1770299068
1771003950
1772004987
1774181591
1775483903
1775616646
1775866928
1777793298
1778877758
1780505887
1782211622
1782418413
1784892372
1785025171
1786030120
178984624
1790738398
179125887
1791602092
1794209106
1794415641
1795214063
1796121376
179924173
1799600292
1799733347
1799983517
1803599576
1805055093
1805305319
180537633
1807166145
1808917026
1809832731
1810698416
1812290490
1813154312
1813287383
1813996353
1817858366
1817999557
1818859339
1821474425
1821672704
1822471062
18227089
1823386831
182596595
1826857539
1827248772
182737594
1828704465
1830856647
1832320284
1832570510
1832703573
1836182473
1837089794
1837888144
1837963871
1840132139
1841438675
1841571482
1847503284
1848301626
1850978088
1851111159
1851909445
18538755
1856687211
1856820018
1857552768
1860298934
18614474
1861693123
1862004861
1863879463
1865555128
1865688135
1866003953
1867401998
1870074428
1870872706
1871013961
1871264251
1873251877
1874871814
1876585933
1876718740
187918277
1879988600
188124812
1882161108
1883463420
1883596219
1883846453
1885838359
1888373929
1889172287
1889370822
1891844653
1891985908
1892849786
189306443
1893691571
1897557864
1897690679
1898554501
1901235115
1901368178
1902166464
1906556861
1906689860
1906944246
1908403715
1910551857
1911950158
1912265976
1912398727
1913100138
1913288932
1913491363
1914752454
191482919
1916962087
1917103342
1917812248
1918809013
1920985601
1921489755
1922287913
1922420976
1925484767
1927194598
1927992948
1930673434
1930806305
1931604663
1932520424
193442454
1936382373
1936515436
193692672
1937252338
1937800406
193833935
1939990240
1941388349
1941771638
1945250538
1945383345
1945633571
1948242728
1949545168
1949686175
1949936393
1953548372
1954455693
1955258131
1955391194
1957930497
1958071752
1958870110
1963389394
1963639628
1963780619
1964513433
1967255439
1968645412
1968961366
1969036829
1972507537
1972648792
1972899018
197304643
1974354535
197445642
1976531187
197695876
1977035029
1977829275
1977970338
1978216668
1981227482
1982986555
1984626882
1984763785
1987509951
1988242701
1988375764
1988625990
199155665
1992761985
1993077811
1993153530
1996624254
1996765189
1997559435
1998475212
2001945920
2002337209
2003792854
2003882026
2005949124
2007470097
2007654787
2007861578
2011336398
2011469205
2012178183
2013183324
2014532274
2014673529
201476265
2014923755
2015920384
2018535478
2020060739
2020245501
2020443780
2021704927
2024055751
2025769614
2028442044
2029377481
2029631867
2032441136
2034155263
2034953549
2037625971
2037766970
2038499720
2043334846
2044752687
2048039397
2048172204
2048974642
2049886315
2053493942
2053744160
2055208061
2056786633
2058754232
2059069994
2059203057
205999661
2060926740
206245983
2062677877
2063593390
206382950
2064326204
2064459259
2067139817
2067938175
2068321200
207181300
2072457459
2072707693
2072848692
2073642938
2076323496
2076456567
2077254853
2079965657
2080618134
2080759389
2081009615
2082465124
2084051952
2084621322
2086011303
2086327249
2086468248
2088187955
2091583451
2091724514
2094462352
2094853833
2095195238
2095336237
2095586655
209861786
2099722650
209994657
2099972884
2100105939
2100904097
2103584855
2103721758
2104520172
210793015
2108906585
2109039456
2109289618
2110294575
2112901597
2114059769
2115449622
2115699840
211708776
2119311811
2119452810
2119703044
2121158737
2123331117
2124633557
2124774556
2125024782
2128636745
2129544066
2130342416
2130549215
2133022982
2133156045
2134024019
2134865812
2138543319
2138728001
2138934536
2139732894
2142405260
2142546507
2143344857
2144252178
215179500
215316395
215570725
216571762
220707773
22089294
220957999
221091062
222351881
224702769
224952995
226416888
229093358
229480487
229891708
230274741
23062151
234802217
235825365
236685147
23794965
239300169
23936220
239432976
240296934
240688351
244824346
245074580
245207635
246005793
248682455
248823454
249621868
250529189
251724792
254008281
254141152
254391314
255789487
257433659
259397354
259717220
259788579
263259303
264973422
26608578
267786971
268235548
27065403
271983652
272299606
272375069
27406928
276761546
277559896
27798153
280373269
280756558
281167515
281559004
285695007
285945225
286078288
286876454
289207487
289690003
290553953
291404122
292726525
295077349
295261975
298435384
300403183
300653337
300786208
305284160
305425167
305675449
307131094
309811652
310194749
310993027
311199818
313810808
315516423
316380309
318995387
31930324
319992272
32184646
322575924
32317453
324515668
324769990
324906893
325705235
328377601
328518856
329317214
330224535
33119891
331419946
333836498
335480729
337068771
337460004
337867121
341071975
341866229
34273983
342781742
343645628
346252450
346459241
347257599
349833171
351776883
352027117
352168116
352962362
355642920
355775991
356574277
357489854
358685393
361101817
362741888
364390172
364959670
366357955
366673789
366740996
36946349
370575830
37087604
371369892
371511139
371757213
375897560
376280593
376695726
37816314
379892572
380690722
381606427
382339305
3830707
385081247
385214118
385946932
386862701
390474408
390790362
390857697
391656055
393832643
396042284
397440270
399658351
399791158
400041376
401505277
403060890
403311124
403444179
404246433
40461534
406414909
408382700
408632862
408765733
411446475
412377696
412627858
414157103
416764125
417155350
417949668
418156195
420763217
421626919
422477080
423341038
42343806
425947804
426154587
42659560
426952745
427336034
42792375
431476141
431726559
431859430
432657780
434768832
43525125
435338266
436361222
436498381
437362259
438204052
439530543
441881559
442272776
443071134
445743500
447203289
447457611
447590418
451065238
451206493
451456719
455592714
455976003
456391064
456774353
459587726
461301845
462030555
46205739
464776649
464909456
465642342
466558047
470328197
472504849
473008811
474464448
474714738
474855737
47661376
477528111
478330557
478463556
478713846
47911666
482849841
483241322
4835784
483648135
486853045
488558972
489295810
492033776
492907533
49309660
493815110
497426817
497742643
497818362
498616648
500789028
502748555
502998789
503140044
504294120
505489411
507764844
507901739
508156069
509550322
511763936
512679641
513412271
513545334
51527485
516291428
517931555
518729905
521547630
521930663
522345980
525056720
526865264
527115490
528054847
530727213
530868468
5314092
531728250
532578227
53374339
533904854
536048951
536255742
539451554
539701980
539842971
540706921
543317791
543450662
544314548
545230317
546491136
548842024
549026906
549225313
550023671
552704229
553546206
554547051
557227545
558025967
558158774
558408992
56046769
562545251
562936484
563343601
565927381
566544359
567342709
56845063
568991036
57051854
57236600
572954517
573341902
573752859
574144348
575929591
578280351
578530569
578663632
579461798
581572914
582275347
583012321
583989466
586665928
587531621
587847319
589245484
591459282
592374795
593107609
593240480
595921238
596715300
597626909
598429411
60049973
601242968
601626001
602041134
602424423
605537414
605787696
605928959
606727245
60848315
608830169
609540666
610273416
611246529
614796812
615112638
616502731
61755900
618724601
619631922
620364672
620505935
623243901
623976643
624892164
625686410
628500039
628891320
629298389
632009001
633825865
634076155
634208898
635007248
638837794
638913513
639711871
640619184
641880267
644235251
644622388
645416634
647593238
648097192
649552837
649803127
649944126
65230704
652616492
653556089
65371711
653806315
657938230
659128061
659326340
661941418
66235533
663647345
664511175
664997851
667716085
668126978
668514427
671912950
674527972
675391850
676299171
677097521
679915246
680298279
680713596
681096629
682881992
685232880
685624105
686422463
689236084
689964794
690945843
693618209
694492286
694808040
69600869
698354219
69916567
699327340
700060146
700201145
70057822
702877615
704830169
704963040
705213202
70790444
709349469
709740694
710535012
715062424
715795310
717963770
718533148
718608859
719402921
720314594
721579525
723930413
724313702
725112052
727792538
728700115
729639528
732311838
733247147
733501477
73528530
738025049
739988526
740613880
741346638
742319495
743052309
745798459
745865922
746664272
748836652
74926703
7508222
751187668
751578893
752377235
75309728
755049601
756513502
756896535
759577093
760375435
760508498
760758732
7645061
764898831
765282112
76570875
766080470
766287005
768893827
769757713
770673482
771471832
772490692
773628632
775304113
775695594
776102407
776493944
780625851
780880181
781013244
781881154
784049630
784629055
785492877
786400454
78788644
78925795
790012161
790196915
790403706
791201992
79171869
793878526
794789943
795584133
795725388
798397810
799337103
799587385
804106685
804517834
80631466
806464808
807372385
808170743
810984108
812173931
814499293
816697327
817038596
817495677
820309034
821041848
822014961
822747719
82349318
824924371
825561148
826363522
828531998
830882822
831133104
831274367
832072653
834745075
835660596
836458938
836591937
840422419
84110382
841296296
841612250
84243445
8443403
84493671
845158501
846131550
846868268
847001323
849681817
850480239
851387552
852185910
854999523
855390756
856189098
858560205
860712494
861576380
863744776
864183202
864389993
865188351
866095664
868710694
869711731
869957869
872415500
873396805
874129611
874266514
877737238
878653007
879451357
88105378
882264714
882648003
883063064
883446353
887586460
887969749
888833627
89021083
891010103
892445414
895967949
896972826
897223060
897356115
898158369
89885033
900830935
901746440
902677669
905358411
906381431
907382156
907566910
911703161
912086194
913091279
913635107
915698173
916561987
917477508
918271754
921085383
921476664
921883733
922274958
923994657
92491807
92628774
926411209
926794242
927592592
930269062
930410317
931143123
932115988
934796602
93492660
935529352
935662423
9359180
940117698
942855664
942996671
943246889
944636998
947383156
948248705
948564531
952115070
953087927
953961932
954575392
956634354
957432640
958348217
959146511
961960132
962343229
962754378
963145603
966823118
967664903
968528789
971143867
971342402
972140752
973056265
973167868
974075189
976231643
977687152
977937378
981549101
98205018
982464870
983259124
983400115
98403425
986072481
987077630
987262312
989722834
991781612
99201783
992645490
992786489
995462959
996261309
997168886
997967172
998570960
